1204 24 77
1405 24 77
1605 24 77
1849 24 77
2002 24 77
2238 24 77
2402 24 32
4834 8 77
6117 8 77
7051 8 75
7791 8 77
12453 8 77
12598 0 77
13086 0 75
13265 0 75
13399 0 75
13683 0 75
13750 0 32
14065 12 75
14331 12 72
14554 12 75
14664 12 72
15017 12 77
15231 12 77
15997 12 32
16516 12 77
16749 12 32
16916 24 77
17281 24 75
17384 24 77
17483 24 72
17683 24 77
17864 24 77
18150 24 32
18296 8 77
18453 8 77
18716 8 72
18748 8 77
18850 8 72
18984 8 72
19050 8 77
19450 8 77
19582 8 72
19764 8 72
19949 8 72
20248 8 77
20412 8 32
20647 20 77
20880 20 77
21301 20 75
21502 20 75
21799 20 77
21998 20 32
22147 4 75
22332 4 75
22497 4 75
22666 4 75
22868 4 72
23031 4 72
23266 4 77
23764 4 32
23979 4 77
24079 4 75
24279 4 75
24379 4 72
24536 4 72
24731 4 75
25429 4 32
25615 0 77
25888 0 72
26165 0 77
26546 0 77
26932 0 72
27111 0 72
27512 0 77
27717 0 72
28164 0 75
28364 0 75
28499 0 72
28632 0 75
28833 0 72
29296 0 32
29530 24 77
29765 24 77
29965 24 77
30131 24 77
30297 24 77
30830 24 77
31245 24 75
31430 24 32
31596 24 77
31797 24 77
31996 24 77
32263 24 72
32531 24 77
32923 24 75
33061 24 32
33231 8 77
33431 8 77
33634 8 77
33661 8 72
33811 8 77
33995 8 77
34144 8 77
34267 8 77
34443 8 32
34663 8 77
34828 8 77
35017 8 72
35261 8 77
35580 8 77
36144 8 32
36494 20 77
36780 20 72
37345 20 32
37679 16 77
37879 16 75
38027 16 75
38544 16 32
39001 4 75
39215 4 72
39447 4 77
39745 4 75
40244 4 32
40678 0 77
40945 0 77
41310 0 77
41446 0 77
41579 0 77
41693 0 77
41878 0 32
42193 16 77
42459 16 77
42625 16 77
42782 16 77
42945 16 77
43111 16 77
43244 16 77
43412 16 32
43677 12 77
43878 12 77
44249 12 77
44476 12 75
44644 12 75
44811 12 75
44959 12 75
45144 12 75
45577 12 77
45800 12 32
46277 12 75
46449 12 75
46777 12 32
47410 24 77
47643 24 77
48677 24 77
48843 24 72
48944 24 77
49142 24 77
49443 24 32
49907 8 77
50118 8 77
50525 8 77
51006 8 32
51495 20 77
51707 20 72
52176 20 77
52492 20 32
52674 16 77
53007 16 77
53207 16 77
53494 16 77
53858 16 32
54707 4 72
54906 4 72
55107 4 72
55625 4 72
55796 4 72
56606 4 32
57060 16 77
57290 16 77
57857 16 32
58325 0 77
58525 0 72
58814 0 72
59105 0 77
59273 0 77
59424 0 77
59573 0 77
59724 0 77
59858 0 77
60691 24 72
61072 24 77
61205 24 72
61406 24 75
61760 24 32
62638 24 32
63208 8 77
63390 8 77
63557 8 77
63655 8 72
64055 8 77
65510 8 77
65773 8 77
65805 8 72
65873 8 77
66188 8 77
66578 20 77
66808 20 77
67588 20 75
67788 20 75
68074 16 77
68308 16 75
68639 16 77
